300338 , *ST开元 , 1.36 , 20.35, 2.45
300125 , ST聆达 , 2.26 , 20.21, 2.42
301036 , 双乐股份 , 26.29 , 19.99, 4.46
301099 , 雅创电子 , 45.38 , 19.99, 2.13
688107 , 安路科技 , 26.12 , 19.98, 3.57
300398 , 飞凯材料 , 13.27 , 19.23, 4.9
837821 , 则成电子 , 16.34 , 15.97, 3.15
300609 , 汇纳科技 , 18.58 , 15.84, 5.58
300346 , 南大光电 , 33.29 , 15.63, 3.7
688627 , 精智达 , 53.2 , 14.63, 3.04
430489 , 佳先股份 , 6.82 , 12.17, 5.89
300262 , *ST巴安 , 0.94 , 11.9, 2.2
301208 , 中亦科技 , 25.08 , 11.62, 5.98
300993 , 玉马遮阳 , 12.11 , 10.69, 3.27
300468 , 四方精创 , 8.44 , 10.18, 4.63
603386 , 骏亚科技 , 10.09 , 10.03, 5.0
603826 , 坤彩科技 , 41.25 , 10.0, 3.4
603383 , 顶点软件 , 37.4 , 10.0, 4.0
603324 , 盛剑环境 , 27.1 , 9.98, 3.72
600212 , 绿能慧充 , 5.95 , 9.98, 2.86
600774 , 汉商集团 , 9.5 , 9.95, 2.16
300137 , 先河环保 , 3.92 , 9.8, 3.66
688262 , 国芯科技 , 20.03 , 9.69, 2.63
688220 , 翱捷科技-U , 39.55 , 9.07, 2.16
688037 , 芯源微 , 111.46 , 9.03, 2.27
603061 , 金海通 , 70.01 , 8.73, 2.07
600843 , 上工申贝 , 7.74 , 8.71, 2.34
003031 , 中瓷电子 , 48.39 , 8.69, 3.03
688206 , 概伦电子 , 14.06 , 8.57, 2.83
688677 , XD海泰新 , 41.45 , 8.37, 2.01
003026 , 中晶科技 , 37.4 , 7.84, 4.27
688596 , 正帆科技 , 36.9 , 7.64, 2.68
000021 , 深科技 , 15.83 , 7.61, 3.33
300666 , 江丰电子 , 52.56 , 7.57, 2.22
831152 , 昆工科技 , 9.93 , 7.35, 4.13
301269 , 华大九天 , 85.2 , 7.35, 3.21
600830 , 香溢融通 , 7.4 , 7.25, 3.1
688376 , XD美埃科 , 31.51 , 7.21, 2.84
002338 , 奥普光电 , 31.18 , 7.07, 4.64
300721 , 怡达股份 , 14.68 , 7.0, 2.5
301107 , 瑜欣电子 , 24.94 , 6.99, 2.31
300236 , 上海新阳 , 34.65 , 6.94, 4.46
301297 , 富乐德 , 24.6 , 6.91, 2.34
688603 , 天承科技 , 49.9 , 6.88, 2.11
688234 , 天岳先进 , 52.36 , 6.86, 2.55
603893 , 瑞芯微 , 59.57 , 6.74, 2.64
688268 , 华特气体 , 54.79 , 6.51, 2.71
300786 , 国林科技 , 13.76 , 6.34, 2.28
688549 , 中巨芯-U , 7.09 , 6.3, 2.38
300480 , 光力科技 , 17.61 , 6.28, 2.77
833455 , 汇隆活塞 , 4.59 , 6.25, 2.93
002134 , 天津普林 , 8.19 , 6.09, 3.83
300817 , 双飞集团 , 12.14 , 6.03, 2.71
300531 , 优博讯 , 9.55 , 5.99, 3.48
688361 , 中科飞测 , 59.95 , 5.92, 2.65
600206 , 有研新材 , 9.64 , 5.82, 3.71
603776 , 永安行 , 11.39 , 5.66, 2.61
002579 , 中京电子 , 8.29 , 5.61, 2.45
603005 , 晶方科技 , 20.06 , 5.58, 2.68
002207 , 准油股份 , 4.38 , 5.54, 2.52
300706 , 阿石创 , 20.64 , 5.31, 2.5
002742 , ST三圣 , 1.39 , 5.3, 2.21
688372 , 伟测科技 , 43.81 , 5.16, 2.31
603843 , 正平股份 , 2.52 , 5.0, 3.02
002368 , 太极股份 , 21.08 , 4.98, 2.54
688127 , 蓝特光学 , 17.6 , 4.95, 2.08
603650 , 彤程新材 , 33.67 , 4.92, 2.01
600360 , ST华微 , 2.57 , 4.9, 2.38
688072 , DR拓荆科 , 144.35 , 4.78, 2.32
002165 , 红 宝 丽 , 3.56 , 4.71, 2.07
300429 , 强力新材 , 12.75 , 4.68, 2.39
002989 , 中天精装 , 16.22 , 4.51, 3.06
002119 , 康强电子 , 10.95 , 4.48, 2.15
000066 , 中国长城 , 9.28 , 4.39, 2.87
603172 , 万丰股份 , 16.21 , 4.38, 2.76
300655 , 晶瑞电材 , 8.16 , 4.35, 2.55
603306 , 华懋科技 , 20.38 , 4.3, 2.22
000863 , 三湘印象 , 3.51 , 4.15, 2.09
000609 , *ST中迪 , 1.26 , 4.13, 2.52
000752 , *ST西发 , 6.59 , 4.11, 3.22
688106 , 金宏气体 , 18.54 , 4.1, 2.08
003043 , 华亚智能 , 41.18 , 3.99, 2.14
603078 , 江化微 , 14.45 , 3.96, 2.4
300623 , 捷捷微电 , 18.8 , 3.92, 2.02
601878 , 浙商证券 , 11.16 , 3.91, 3.15
605358 , 立昂微 , 23.56 , 3.88, 3.04
301348 , 蓝箭电子 , 35.84 , 3.73, 2.14
300988 , 津荣天宇 , 19.21 , 3.73, 5.2
300260 , 新莱应材 , 24.51 , 3.72, 2.38
002815 , 崇达技术 , 8.76 , 3.67, 2.13
688401 , 路维光电 , 27.05 , 3.6, 2.02
301359 , 东南电子 , 20.67 , 3.4, 2.07
002453 , 华软科技 , 4.57 , 3.39, 2.72
000839 , 中信国安 , 2.44 , 3.39, 4.57
430300 , 辰光医疗 , 7.39 , 3.36, 2.1
002222 , 福晶科技 , 25.85 , 3.32, 2.04
002185 , 华天科技 , 8.46 , 3.3, 2.49
001216 , 华瓷股份 , 13.32 , 3.26, 2.03
301041 , 金百泽 , 27.33 , 3.13, 2.09
000818 , 航锦科技 , 25.69 , 3.05, 2.28
603320 , 迪贝电气 , 13.7 , 2.93, 3.45
000415 , 渤海租赁 , 2.49 , 2.89, 2.87
300027 , 华谊兄弟 , 1.8 , 2.86, 2.03
600734 , 实达集团 , 3.26 , 2.84, 6.05
688120 , 华海清科 , 197.28 , 2.82, 2.29
605188 , 国光连锁 , 6.7 , 2.76, 3.02
603669 , 灵康药业 , 4.84 , 2.76, 2.05
002356 , 赫美集团 , 3.84 , 2.67, 4.28
603389 , 亚振家居 , 4.66 , 2.64, 2.44
300191 , 潜能恒信 , 13.89 , 2.58, 2.91
002808 , ST恒久 , 1.59 , 2.58, 2.72
002188 , 中天服务 , 4.51 , 2.5, 3.08
871981 , 晶赛科技 , 12.85 , 2.39, 2.21
002700 , ST浩源 , 6.16 , 2.33, 2.97
301371 , 敷尔佳 , 33.53 , 2.23, 2.33
002077 , 大港股份 , 13.95 , 2.2, 2.09
300483 , 首华燃气 , 8.16 , 2.13, 2.39
301315 , 威士顿 , 50.04 , 2.08, 2.16
830832 , 齐鲁华信 , 3.97 , 2.06, 2.46
603855 , 华荣股份 , 22.55 , 2.04, 2.17
000584 , *ST工智 , 1.01 , 2.02, 2.77
002484 , 江海股份 , 14.48 , 1.83, 2.01
600422 , 昆药集团 , 20.78 , 1.76, 2.04
600436 , 片仔癀 , 230.02 , 1.65, 2.29
600571 , 信雅达 , 9.53 , 1.28, 2.93
601921 , 浙版传媒 , 8.7 , 1.16, 5.52
002862 , 实丰文化 , 14.02 , 0.94, 2.72
600421 , 华嵘控股 , 5.43 , 0.93, 3.38
870436 , 大地电气 , 10.88 , 0.74, 2.74
002701 , 奥瑞金 , 4.45 , 0.45, 3.53
600905 , 三峡能源 , 4.7 , 0.43, 2.14
601162 , 天风证券 , 2.38 , 0.42, 3.36
688500 , 慧辰股份 , 29.37 , 0.24, 4.98
688272 , 富吉瑞 , 17.54 , 0.06, 4.88
839719 , 宁新新材 , 8.4 , -0.24, 2.02
002968 , 新大正 , 10.19 , -0.78, 2.06
300833 , 浩洋股份 , 53.18 , -0.78, 2.04
601298 , 青岛港 , 8.39 , -1.06, 2.62
300791 , 仙乐健康 , 37.71 , -1.08, 2.31
603348 , 文灿股份 , 29.15 , -1.12, 2.2
300739 , 明阳电路 , 14.2 , -1.18, 2.18
002211 , 宏达新材 , 2.55 , -1.54, 2.34
000023 , *ST深天 , 1.78 , -1.66, 2.37
300103 , 达刚控股 , 4.02 , -1.71, 4.53
600028 , 中国石化 , 6.18 , -1.75, 2.03
000632 , 三木集团 , 2.76 , -1.78, 2.49
600395 , 盘江股份 , 6.32 , -2.17, 2.02
603038 , 华立股份 , 7.51 , -2.21, 2.19
601728 , 中国电信 , 5.83 , -2.35, 2.31
605058 , 澳弘电子 , 21.15 , -2.35, 2.11
688198 , 佰仁医疗 , 105.3 , -2.4, 2.15
605138 , 盛泰集团 , 5.24 , -2.42, 2.26
000596 , 古井贡酒 , 237.44 , -2.46, 2.3
600548 , 深高速 , 10.48 , -2.51, 2.06
688343 , 云天励飞-U , 30.04 , -2.53, 2.88
603198 , 迎驾贡酒 , 63.09 , -2.62, 2.11
688017 , 绿的谐波 , 105.7 , -2.67, 2.07
688169 , 石头科技 , 400.63 , -2.87, 2.25
600519 , 贵州茅台 , 1570.22 , -3.02, 3.2
000937 , 冀中能源 , 7.91 , -3.18, 2.57
300198 , 纳川股份 , 1.21 , -3.2, 2.53
301149 , 隆华新材 , 9.5 , -3.26, 2.13
300750 , 宁德时代 , 186.89 , -3.27, 2.34
300787 , 海能实业 , 11.89 , -3.33, 2.77
600287 , 江苏舜天 , 3.72 , -3.38, 2.2
002226 , 江南化工 , 4.48 , -3.45, 2.33
600983 , 惠而浦 , 7.87 , -3.55, 2.2
600302 , 标准股份 , 3.49 , -3.59, 2.07
601998 , 中信银行 , 6.68 , -3.75, 2.3
002633 , 申科股份 , 5.9 , -3.75, 3.87
300589 , 江龙船艇 , 12.04 , -3.83, 2.46
000504 , 南华生物 , 6.42 , -3.89, 2.25
601918 , 新集能源 , 9.96 , -3.95, 2.56
605118 , 力鼎光电 , 14.85 , -4.07, 2.05
600403 , 大有能源 , 2.8 , -4.11, 2.2
600150 , 中国船舶 , 36.89 , -4.13, 2.05
600018 , 上港集团 , 5.6 , -4.44, 2.34
000568 , 泸州老窖 , 158.7 , -4.5, 2.73
002861 , 瀛通通讯 , 7.7 , -4.58, 3.17
300779 , 惠城环保 , 44.45 , -4.63, 2.54
688472 , 阿特斯 , 11.03 , -4.67, 3.07
000598 , 兴蓉环境 , 7.55 , -4.67, 2.47
603377 , ST东时 , 1.02 , -4.67, 2.54
600710 , 苏美达 , 8.26 , -4.73, 2.23
000883 , 湖北能源 , 5.96 , -4.94, 2.79
600956 , 新天绿能 , 8.79 , -4.97, 2.02
603559 , *ST通脉 , 3.61 , -5.0, 2.48
600777 , ST新潮 , 1.5 , -5.06, 2.09
601989 , 中国重工 , 4.82 , -5.3, 2.35
002822 , ST中装 , 1.07 , -5.31, 3.25
600482 , 中国动力 , 18.86 , -5.32, 2.24
001872 , 招商港口 , 18.3 , -5.43, 2.23
601117 , 中国化学 , 8.01 , -5.65, 2.5
001215 , 千味央厨 , 32.51 , -5.66, 2.33
300306 , 远方信息 , 9.19 , -6.51, 4.32
603519 , 立霸股份 , 12.07 , -6.65, 2.81
603132 , 金徽股份 , 13.28 , -6.68, 2.28
601118 , 海南橡胶 , 5.13 , -6.73, 3.25
601975 , 招商南油 , 3.59 , -6.99, 2.52
300716 , 泉为科技 , 6.01 , -7.11, 3.09
601866 , 中远海发 , 2.59 , -7.17, 2.09
600988 , 赤峰黄金 , 16.55 , -7.59, 2.9
688456 , 有研粉材 , 25.0 , -7.72, 2.99
600026 , 中远海能 , 16.86 , -8.37, 2.09
300717 , 华信新材 , 14.5 , -8.81, 2.36
600783 , 鲁信创投 , 9.83 , -9.07, 4.42
601872 , 招商轮船 , 8.43 , -9.35, 2.44
603863 , 松炀资源 , 17.75 , -9.39, 2.53
600724 , 宁波富达 , 4.38 , -9.5, 4.62
600428 , 中远海特 , 6.29 , -9.76, 2.18
601919 , 中远海控 , 15.46 , -10.01, 2.35
300187 , 永清环保 , 4.65 , -11.6, 4.8
